6309110038
1300141964
8801134078
7809232090
7702062082
2009067478
1805139292
6911155185
2012245521
5410150768
1304068524
6709055661
7506186347
7312117780
5812232932
8207237709
5309215571
9505157706
8310280396
1209256620
6507281440
6209067458
1901122069
5906059357
9603090464
6807255818
4902060130
5104235389
1206188720
4706255257
5108256659
1810234327
5706249538
1801220916
1302045745
5303195579
5205081607
6611083952
4808297791
7408070813
9302231191
6609295088
1703207209
9505073336
7400034862
6205040534
4704186806
4709291763
5308130223
7412111432
8410119443
6712034087
7411088377
1809276117
1401222240
5112054970
7207234804
2006020577
5401192984
6612208889
8804172047
5007063501
6111238881
1912045311
7110255064
6402101178
4800115034
5405127673
9105227252
1506111343
6304265869
1712145897
1105294234
1405252563
8502158159
6704261520
8408210316
7802172620
7312286157
6906053451
5804161011
5011142950
5906268302
5001238572
8710175276
6808089684
1902006029
7008049081
7409097113
1605211135
7206009415
6312177388
8002099127
1105071099
4712244713
1405210125
7504235783
9812178024
5409126833
6110105155
8504144407
2007121149
5006255001
5612152766
6307194036
1004052632
7802232856
5812259497
8005209982
5503184324
7411280910
8807214680
6101076718
8502113708
1411110250
5001161231
1612248902
5707041813
5003054375
7604022129
1912085076
5504290154
9105042419
1310292423
4700019643
6011213571
1410178418
8006158666
1204152070
7102246019
8900223937
6304274812
1306171053
8712274175
1501227387
7703273974
6106269367
7202037898
9700060579
7705244987
4806183734
9412095528
8310134283
5310058930
6700120306
2010104041
9309011426
7703097622
1401190098
6412239801
8512061481
1405069050
8809190555
7806236922
4710137520
9812052580
5303188363
1806193994
9810215668
8008172293
5309103965
6812244813
5412265518
8311276138
8900091508
8411035974
5208110501
9210270971
6411099849
9003046206
7807027602
5407078556
5809016818
7405130942
5410098815
9108164549
7403299486
1109230760
6300234886
6303197384
1112017984
6708109650
8103221280
6100293584
5101225921
6606215572
1606099583
9006185518
1304206222
7803029399
1011099716
1711032510
9112183784
7611151141
9605180871
6000030476
5202124972
6301052637
8005213876
7206283194
7906133158
8010254692
8203151187
8705063763
9307200958
5809292896
9506135749
5204099164
1910205385
1309226699
8203036479
8704282345
1610226167
9103219444
9807144930
7911215719
6010139135
1712040627
1412180220
5500227040
6907085746
6910014804
7212057006
5605134546
5000222612
5411094414
5509249966
6810299617
6802220634
7408071253
7409039704
6005223290
5012249517
1709017805
6300078730
1407256070
1411207721
6403271600
9312099137
8607204155
1210160127
9106043815
9806110743
6510181667
9202212272
5300212764
2011248558
6410062329
1108130672
8207283304
5604262818
6003081062
8602137709
6703259860
8600281569
8103206782
1912034366
5705222006
8404090134
6112025975
1106115648
4611265681
8703177439
6311206143
1310115070
7807230970
5207273445
4807006633
9710076189
6905144708
7105089662
7008290366
1112128842
7007085580
9303125590
1002029534
1006290373
1804233530
4905271096
5000210941
1000063372
8002283982
8302062307
5107151434
4701289186
7505100086
8302122565
5203204534
1305059965
1510245286
4902088587
1101147828
1507037686
5608074043
1508197383
4806103533
1501193364
1011018822
7101234613
6510018064
7104127008
9606099745
4603112899
7908233333
6600043901
8106052405
9503097945
5411034079
6301223280
6809122551
1100095370
9106181370
6200157678
8004127362
6303153296
5400280160
5306292860
6009247255
5603060133
6804188996
9808048316
1700170010
8402248866
8801283205
9109071565
7310193825
7602265363
1606085778
6007128963
8112189734
5201155608
9703134034
8904288635
1404239848
7204021473
1311108568
5105034968
7212206232
9412075761
6211200391
6607098773
6802133360
7910057694
5909008028
7409289679
9412011807
6010229181
5407044797
1704045860
9601128394
5300117966
8201240179
1910123545
9604082972
5801187733
8700246896
8112114659
1301196226
9700251374
6707278028
8903201956
5706237053
7410106484
9504172227
1601049857
1504211929
9706212439
6510078344
7600287662
1409081619
8108223728
6008228567
1900082998
1202215641
1512064950
8712279125
1912290600
4605035512
8500292438
6112100731
9411204121
9501246007
4803195155
1509036562
7901280189
7401009473
5702129609
4908075513
7301041055
4603131324
7308249201
6403274702
5305001889
7003283012
6403179035
4909262809
8906070338
4912083550
2001274572
6002032971
5509199762
8507085521
7809293052
1705088924
6211080348
9603239756
9412275741
5911226871
6410167445
6312084504
7904115791
6600177936
5601255638
5212153298
6509148096
1906198888
1101020701
4810201077
8701156233
4605267502
7210119928
6905281009
9710222885
8403001717
9209122681
6606108333
9509050859
5100187554
5906101300
5808290147
8201254963
1410003078
7311138043
6508203284
1705298133
4712087127
7304036718
1806240315
6909066208
7602278541
6408196927
8301287181
6502177748
8204010331
7410211732
1109269524
5010137352
1403020146
6306236882
8111023657
1811243214
1402128871
8010092178
1409111682
7009011174
4611104036
7903233371
6600045078
8009146607
8511035148
6011176853
1200087449
5510169907
9805165821
8912082586
9005067005
7806081514
8109022372
4905298849
6509202722
9006288027
2010135842
8403200498
6806103755
9009110484
5802282772
8405233672
5409040010
1206096298
5900195675
5601115971
1306217803
6307235902
9404124158
1007135668
7004127460
5801183960
1111115137
6506133513
1501253545
9200050651
4801077171
1203298492
8903230358
5505016099
6208126155
1602011081
6309267844
8500149559
8710259525
8001066546
6808071534
8508211998
5707204140
6707158150
8106217779
9600283319
2001160491
4912021642
2011131672
5503265108
6608093943
5611228128
7109084411
1400244615
8211043973
6308130576
4910018872
9200250279
5411258523
7702128357
9408025605
6112229981
5701122856
7010038508
9709259868
1403222975
7900144329
7004047380
9608039485
7112152861
4611166076
7002200117
8608064663
5901115165
9701093545
6706003337
5507214724
7906013555
7400105174
1101096381
5203127039
1206128209
4805199124
9306007524
9301074827
2003130734
5601218161
8111221921
5102249229
8900260391
6007146079
9212181957
7310265116
4706049337
7406134153
5005044814
6904234007
6409133489
4712254613
8304217691
5902036041
2004040885
4605281626
1501111260
9712219451
7802179869
4904050503
1107011807
6807082667
1502089325
7512291248
9803180442
8607221865
7702043800
5305048892
9605195446
9204288203
6102024896
4708135663
6703028409
9207012100
5512103355
5411089497
1712012247
1508172699
7007072963
7005161713
6800162831
5308216364
8905188941
8611175001
5500104104
7601249810
6504112604
7501029800
9612062922
8905145898
9112121524
7710174769
9502053110
9606261379
6907230033
1512032599
6404121152
1301130303
1510159772
1907145009
6409239177
1202059848
8810160117
6408280252
1902292766
6604146857
4707210013
8300019354
7210040321
6711131724
6500230979
7312075023
9311021016
8611220277
7810073194
8212231654
8900217293
8702207415
6710244453
8602087417
5408104108
7103191546
6702189868
9502226459
8312259593
4802131268
9703115015
1504258140
9104111808
8001186424
5711200429
8410072231
5301147291
9810035235
5506003855
7909208340
7410022037
4706016744
8507290847
7204154199
1601282023
5011253423
8604262975
9009095249
8511093921
6701271786
7403293227
6905012774
1103039520
9500098586
9708006847
7801259686
6712216489
4803136756
6609126150
9507250489
5402126037
8400140958
8111078943
6411197815
1009241145
7705140553
1704079674
7108278694
9711082282
9705123571
9308168793
5701135946
1908231556
1401236782
7709268996
5410283043
7704045426
5112274629
6705211942
8302075287
5404286646
9605000614
1205230026
6904240904
9708138066
7501037346
8601173515
1612288370
7900158057
9704171004
1112251173
5100247691
6412096196
8808023631
5210041694
1011072535
7908088793
9112104815
8506110921
5302028666
9300225737
9108163240
9805054600
7412095669
4704123787
9407197217
5500025883
5701129115
1308054528
8207028313
6511229076
1412161949
2007224901
7805284344
9704164118
6810106523
6505095201
7411026678
6606140948
6111099456
6012274290
8510012247
7302222510
7109156373
6500226986
5707134191
9102195465
4600191519
6408051881
6600182985
7410016163
7910154648
8205120847
9011091837
6800139973
9209208063
6712178077
9402100818
1100211057
1406178972
1601132181
5002085154
5208108576
1408001320
1303087016
9508082386
1612252279
7112273432
7109022338
7306060036
8007020483
7202033278
4809260654
6703036857
5400019988
5802013250
9403044090
7000000920
1912124577
5401050501
6903047745
5802100282
6406163313
5306280980
7405115443
6710025146
8804010380
7812257860
1010255213
5110009927
7604190231
8011027101
8111102571
7200267283
9105257480
8803053820
1906104024
5711249929
9603020515
5204133649
6707299423
6412157620
9808076619
4808124706
6212011696
7205057948
1600146669
9004279482
7500203139
4903028878
1504285772
6412119307
6800172467
1800036007
7010106444
5810055218
5410132563
6304010405
8003032246
7206114300
1600249893
1304116858
7302161790
8808107220
9305000397
7609158337
5203103224
1800009035
6410267413
8502242562
5100181845
5705077686
5705123919
7601137093
8002102009
8111169473
5608267929
8301007572
9701010781
5405007179
5202054803
4808139545
9512154245
6306278242
9107277487
6410232620
9109233144
1108066597
7004218276
7904228288
9503014807
7009050169
1406181062
7511258832
8007241572
9110023219
4807100166
6401094172
5207065567
7310106452
8212022610
7808018735
8211107069
8803177856
9103095650
9702103037
1403245800
8603077978
7400197915
1210159599
1400031567
6909206755
6210088753
7508233337
8708298192
5809266397
4802263895
2011050393
8406212903
5901183596
1405071679
7112205661
7308041422
9509262763
5404051620
1712252047
7910188825
8106202511
1601273278
5506086201
5408129870
7800029809
8402012553
4909086721
8007028436
7212107562
5512211375
7909248171
8206092873
5612199791
6012037625
7604171377
7805214098
5903151518
6007192422
6209294718
8411076685
9108135069
1612102514
2001257401
5104139414
4906018326
1407078090
7108174568
9604015498
5900110249
1904060554
9112162741
7904167524
8506061553
8402213446
5510100167
8812279267
7803184224
1109018647
1005043996
8309188888
7807090764
7106022913
7005183009
1502265259
1405043794
4802112315
8109027817
7001188865
9201269539
5607267270
8902005981
8004006263
6510256522
5612044196
1301080374
8711228999
5910230634
7409197609
1801238824
4903120695
6405239764
1500101427
8307088823
6112199896
1102152062
1410299099
7107281643
8802178990
7312082987
1509163293
1604234126
4705010277
7602198615
5212157830
7308087160
6105096932
5711295667
8003048394
9310244812
8801275714
8411298225
1011181567
7705101602
5508280327
5301037500
1210253836
9604221704
9604279905
1609060420
6709277212
7000018762
1303236440
7902290099
7805008948
6511175572
4810122933
1209196087
8000185699
8809062174
9803244242
1008098729
7105005798
7908070159
6100278129
5603220326
6111214340
9510266392
7305002144
5603227454
5410055255
9010094346
7206017907
9705009842
5912045194
7900118083
6407144711
9008244333
8505175833
5506144292
6400086242
1801098893
7708037117
4712297645
6511165826
8008133452
1210053592
6708080885
8712058696
1009130276
